1
4
12
1.169597 0.024694 0.291485 -0.051109 -0.085414 0.093494 0.097447 0.049655 0.104326 -0.039797 0.094283 -0.154393 
-0.067202 0.886531 -0.097697 0.100831 0.143398 0.228589 -0.092273 0.031773 0.074582 -0.080035 -0.219863 0.243624 
0.003198 0.012784 1.025722 0.017364 0.043511 0.033772 -0.173077 0.160101 -0.096394 -0.038598 -0.039861 -0.033361 
0.035605 -0.026700 0.154330 1.106442 0.063761 0.080864 0.344720 0.184610 -0.016298 0.262284 0.106796 0.292134 
-0.035129 0.076285 -0.056010 0.074733 0.939224 -0.187230 -0.144107 -0.286052 -0.063129 0.007691 -0.303227 0.033975 
0.107657 0.085335 0.089057 0.060236 0.026705 1.238326 -0.032849 0.058805 0.039082 0.144246 0.088160 0.238351 
-0.015414 0.032011 -0.071807 0.145257 -0.145756 0.089173 0.986465 0.211948 -0.029958 0.055950 0.027496 0.098701 
-0.008469 -0.063629 0.043641 0.027928 -0.155889 0.090877 0.091248 0.935283 -0.105153 0.068527 0.021001 -0.117913 
-0.071058 0.012737 -0.063608 -0.086764 -0.041804 -0.177045 -0.111090 0.069333 0.969593 -0.100053 0.080167 -0.056165 
0.041087 -0.055835 -0.046099 0.064504 0.014040 0.035752 -0.089265 0.116901 0.157943 1.014258 0.054311 0.108833 
-0.024442 -0.002742 -0.044932 -0.012965 -0.044018 0.031329 0.021168 -0.028519 0.090626 0.119478 0.815360 -0.024570 
-0.013163 0.039953 -0.050158 0.092452 -0.014725 0.077585 -0.073970 0.091892 -0.163192 0.087827 -0.013909 1.148773 
-0.023342 0.014562 0.053020 0.015743 -0.015475 -0.035209 -0.003142 0.004433 0.000726 -0.023944 -0.013630 0.007326 
1.0 1.0 1.0 1.0 1.0 1.0 1.0 1.0 1.0 1.0 1.0 1.0 
24
1.181012 0.266157 0.269911 0.650287 -0.327173 0.955508 -1.198581 1.588463 -0.070828 -0.478762 1.173214 -0.396318 -0.115208 -0.259874 -0.161533 -0.384288 0.222892 -0.548608 0.891904 -1.290849 -0.120977 0.529546 -1.197616 0.625600 
-0.058745 0.827172 0.088436 -0.343986 0.500249 -0.384665 0.424064 -0.298340 0.357740 -0.388334 0.080891 -0.566213 0.018572 0.061539 -0.078277 0.140917 -0.221978 0.167907 -0.256137 0.053288 -0.044061 0.047712 -0.062338 0.371173 
0.036647 0.001843 1.001142 0.044428 -0.265304 0.204060 -0.455115 -0.027261 0.145938 0.034921 -0.201913 0.662399 -0.026130 0.019018 -0.026376 -0.026839 0.289487 -0.289825 0.284461 -0.002551 -0.156104 -0.057081 0.179605 -0.366314 
0.029932 -0.034807 -0.090566 0.997306 0.021552 0.349820 0.175653 -0.108087 0.192991 -0.274254 -0.367783 0.561649 -0.010955 0.005072 0.123596 0.006247 0.022073 -0.187290 -0.046032 0.047792 -0.188418 0.324717 0.280026 -0.389495 
-0.026808 -0.034801 -0.163408 0.137243 0.749149 -0.050570 0.318199 -0.475431 -0.137458 -0.015924 -0.453747 -0.093574 0.037400 0.077162 0.150377 -0.045455 0.212518 -0.052693 -0.312905 0.387689 0.063559 0.073100 0.179099 0.236001 
0.032699 -0.059486 0.104151 0.049003 0.018191 1.573987 -0.400227 0.611921 -0.187441 -0.012045 -0.207328 0.112351 0.037742 0.045169 -0.125807 -0.021227 -0.012498 -0.401427 0.321968 -0.491430 0.033213 -0.014644 0.335162 -0.116764 
-0.001893 0.022653 -0.164682 0.219644 0.080897 0.019893 1.088675 -0.194390 -0.038239 0.157436 0.105206 -0.237143 -0.044663 -0.011125 0.061655 -0.116450 -0.109615 0.063295 -0.220930 0.112003 -0.058065 -0.101153 -0.098932 0.225169 
-0.010267 -0.035563 -0.038577 0.048174 -0.267963 0.272759 0.294946 0.970452 -0.452346 0.572451 -0.592824 0.121354 0.001731 -0.026441 0.085793 -0.015114 0.162053 -0.165747 -0.173608 -0.184107 0.347425 -0.431089 0.587384 -0.168557 
-0.008503 0.092304 0.143898 -0.256899 0.239347 -0.364726 -0.098170 -0.226376 1.335953 -0.604906 1.004268 -0.485943 -0.025945 -0.036238 -0.139481 0.106938 -0.182544 0.178796 -0.041537 0.200605 -0.267185 0.282685 -0.714713 0.271888 
-0.009824 0.001131 -0.080377 -0.067510 -0.067620 0.185500 -0.020004 0.199408 -0.171801 1.079858 -0.381660 0.092384 0.016968 -0.040315 0.043908 0.017479 0.094511 -0.117062 0.007754 -0.171985 0.196780 -0.186603 0.334752 -0.117298 
-0.087917 -0.067336 0.046775 -0.014862 0.081291 -0.051234 0.109955 -0.035917 0.186985 -0.153294 1.090529 -0.432122 0.039431 0.019402 -0.074334 0.024917 -0.108150 0.074657 -0.083086 -0.032438 -0.105839 0.105435 -0.179293 0.205448 
0.010284 0.017032 -0.061850 -0.133324 -0.000679 -0.395516 -0.070499 0.109913 -0.190900 0.306984 -0.010617 0.606370 -0.005340 0.006549 0.047342 0.100877 -0.059792 0.344778 0.051922 -0.070976 0.137676 -0.329424 0.014613 0.300732 
0.502290 0.037721 -0.083465 0.627570 -0.542342 0.568658 -0.400835 0.535325 0.118340 0.200316 0.536086 0.274461 0.781635 -0.130526 0.252277 -0.346815 0.590647 -0.150512 0.334710 -0.423419 -0.182340 -0.028325 -0.597864 0.028675 
-0.004844 -0.005143 0.095593 0.097263 0.122703 0.401292 -0.194490 0.909312 -0.471802 0.710359 -0.984992 0.490791 -0.066920 0.935498 -0.144689 -0.125235 0.152695 -0.394826 0.228982 -0.922564 0.677230 -0.852911 0.785622 -0.274528 
0.078345 -0.015024 0.271036 -0.081586 -0.192137 0.233704 -0.017821 -0.078505 0.293712 0.117042 -0.285858 0.520925 -0.029849 0.057424 0.837050 0.118147 0.274968 -0.230554 -0.219292 0.223782 -0.291184 -0.162464 0.135184 -0.122655 
0.084950 0.157458 -0.367775 0.595734 -0.218082 0.347176 -0.639186 0.503616 -0.283291 0.065222 0.118787 0.265228 -0.016415 -0.059820 0.424387 0.611706 0.277057 -0.044526 0.698571 -0.289834 0.060812 0.160052 -0.193162 0.083230 
-0.054671 0.106547 -0.171194 -0.001443 0.007234 0.032248 -0.521248 0.005668 -0.190378 0.345018 -0.466129 0.241461 0.052793 0.041162 0.093343 0.175056 0.949907 -0.067453 0.202153 0.051627 0.020959 -0.102286 -0.041158 0.032261 
0.000940 0.006794 -0.119771 0.022895 0.267084 0.564598 -0.117472 -0.034462 -0.106440 0.014813 -0.355728 0.600075 0.138322 0.006437 0.027554 0.015791 -0.191524 0.688170 0.193433 -0.024613 0.037752 -0.113874 0.616274 -0.330836 
0.039983 0.021850 -0.028174 0.181772 0.042301 0.025002 0.196447 0.241871 -0.313753 0.469197 0.050526 -0.040604 -0.087211 0.009532 -0.091621 -0.024810 -0.125469 0.148375 0.762408 -0.083939 -0.005842 -0.303282 0.000559 0.183820 
-0.006830 0.066163 -0.205950 0.214056 -0.318853 0.165898 0.154225 0.253518 -0.083154 -0.272691 -0.154736 0.084660 -0.001476 -0.100321 0.245625 -0.142395 0.142297 -0.130022 0.002792 0.530634 0.060872 0.241547 0.353517 -0.269220 
-0.017680 -0.000201 0.186747 -0.029988 0.234236 -0.194033 0.058207 -0.293756 0.479293 -0.138538 0.251174 -0.097192 -0.068784 0.029899 -0.225966 -0.123923 -0.157145 -0.072156 -0.308700 0.288195 0.687814 -0.172088 -0.136833 -0.196868 
-0.002789 0.085445 -0.055704 -0.098354 -0.086594 -0.094582 -0.066488 -0.133747 -0.003865 0.025797 0.239169 -0.414413 0.025956 -0.125441 0.022428 0.034782 0.159045 0.063053 0.052470 0.120836 0.170474 0.828414 -0.130732 0.192766 
-0.046396 -0.033138 0.016410 0.041219 0.242853 -0.130716 0.022831 -0.052222 -0.131588 -0.203916 0.499974 -0.241310 -0.004481 -0.024947 -0.073776 -0.047432 -0.256320 0.174675 -0.006391 -0.005258 0.134472 0.219669 0.439104 0.055766 
-0.012878 0.000557 0.164870 -0.180925 -0.144209 -0.005583 0.077799 0.195516 -0.226469 0.409820 -0.190123 -0.128333 0.005105 0.019178 -0.136928 0.126229 0.021200 -0.021713 0.049447 -0.227450 0.111934 -0.492609 0.139601 1.110830 
-0.000775 -0.005251 0.006207 -0.008650 -0.001276 0.008835 0.005714 -0.004062 -0.005087 0.004956 -0.002641 -0.005087 0.019315 -0.005656 0.013114 -0.011566 -0.003879 0.017486 0.010037 -0.005925 -0.006794 0.006216 -0.001785 -0.006191 
1.0 1.0 1.0 1.0 1.0 1.0 1.0 1.0 1.0 1.0 1.0 1.0 1.0 1.0 1.0 1.0 1.0 1.0 1.0 1.0 1.0 1.0 1.0 1.0 
3
1.093943 -0.021092 0.023788 
0.006030 1.028923 0.000075 
0.026439 -0.008247 0.992535 
0.098792 0.015353 0.047594 
1.0 1.0 1.0 
12
1.017637 -0.017388 0.037118 0.010510 0.046809 0.025255 -0.020596 -0.037515 0.050755 -0.123300 0.008918 -0.038236 
-0.007496 1.001975 -0.034704 -0.083131 0.086078 -0.147422 0.089071 -0.110831 0.226959 -0.331391 0.402502 -0.323229 
0.000594 -0.013905 0.989353 -0.002806 -0.002475 -0.020858 -0.090147 0.022399 0.010251 -0.025417 -0.007344 0.181359 
0.000946 -0.059519 0.052532 1.058497 -0.030984 0.071161 0.159563 -0.148786 0.014726 0.073942 -0.016824 -0.001032 
-0.003175 0.046768 0.066423 0.034768 1.120722 -0.088592 0.078100 -0.012367 -0.085278 0.110253 -0.139897 0.148311 
0.078346 -0.052503 -0.035409 0.060617 -0.068721 1.115961 -0.041348 0.060722 -0.044689 0.051882 -0.021952 -0.026078 
-0.026058 0.052337 -0.063317 0.128609 0.077528 0.064853 0.957647 -0.081589 0.091940 -0.014896 0.160326 -0.000104 
-0.013640 -0.072967 0.022154 0.001983 -0.091353 0.163871 -0.034528 0.982262 -0.242160 0.251345 -0.195506 0.012237 
-0.005807 0.064536 -0.024453 -0.133162 0.023267 -0.109807 -0.020311 -0.043584 1.086720 -0.294035 0.387569 -0.211146 
-0.001858 -0.034177 0.025979 -0.034352 0.056559 0.059089 -0.020899 0.010450 0.061701 0.951259 -0.082763 0.016872 
-0.026179 -0.042688 -0.022141 0.019239 0.013324 0.080696 0.047784 -0.001990 0.024808 0.038123 0.892484 -0.146253 
0.004623 -0.015124 -0.043890 -0.025966 -0.043418 -0.186487 0.059802 -0.068518 0.007040 -0.150173 0.179995 0.716144 
0.000190 -0.006658 0.000368 0.001354 0.003005 0.000399 0.001806 0.000893 -0.003666 -0.000098 0.001384 0.001359 
1.0 1.0 1.0 1.0 1.0 1.0 1.0 1.0 1.0 1.0 1.0 1.0 
